Count of STUID,Column Labels,,,,,,
Row Labels,1 sibling,2 siblings,3 siblings,4+ siblings,Single child,Grand Total,
Degree & above,88,36,11,6,20,161,
Illiterate,533,923,532,469,88,2545,
Primary,689,771,417,251,92,2220,
Secondary,1050,846,348,255,92,2591,
Sr secondary,206,132,48,23,24,433,
(blank),160,271,170,163,87,851,
Grand Total,2726,2979,1526,1167,403,8801,
,,,,,,,
,,,,,,,
,,,,,,,
Average of Science..,Column Labels,,,,,,
Row Labels,12 years,13 years,14 years,15 years,16+ years,(blank),Grand Total
Degree & above,46.8,44.8,42.7,29.1,32.7,38.2,43.5
Illiterate,29.9,33.8,35.3,33.4,33.1,36.8,34.5
Primary,34.1,37.6,36.7,35.2,32.4,34.9,36.6
Secondary,33.6,38.2,36.7,32.9,31.0,34.3,36.6
Sr secondary,40.1,39.0,39.1,38.6,31.5,38.8,38.9
(blank),21.1,35.8,34.0,29.9,30.5,28.3,33.1
Grand Total,33.5,37.5,36.6,33.7,31.8,34.9,36.3
