{
 "cells": [
  {
   "cell_type": "markdown",
   "metadata": {},
   "source": [
    "### PCA using Eigendecomposition"
   ]
  },
  {
   "cell_type": "markdown",
   "metadata": {},
   "source": [
    "This is the main technique with which PCA was first done. Then later on SVD algorithms came into place which uses an equivalent way of doing PCA but is much faster than that."
   ]
  },
  {
   "cell_type": "code",
   "execution_count": 2,
   "metadata": {},
   "outputs": [],
   "source": [
    "import pandas as pd \n",
    "import numpy as np"
   ]
  },
  {
   "cell_type": "code",
   "execution_count": 4,
   "metadata": {},
   "outputs": [
    {
     "data": {
      "text/html": [
       "<div>\n",
       "<style scoped>\n",
       "    .dataframe tbody tr th:only-of-type {\n",
       "        vertical-align: middle;\n",
       "    }\n",
       "\n",
       "    .dataframe tbody tr th {\n",
       "        vertical-align: top;\n",
       "    }\n",
       "\n",
       "    .dataframe thead th {\n",
       "        text-align: right;\n",
       "    }\n",
       "</style>\n",
       "<table border=\"1\" class=\"dataframe\">\n",
       "  <thead>\n",
       "    <tr style=\"text-align: right;\">\n",
       "      <th></th>\n",
       "      <th>B1</th>\n",
       "      <th>B2</th>\n",
       "      <th>B3</th>\n",
       "      <th>B4</th>\n",
       "      <th>B5</th>\n",
       "    </tr>\n",
       "  </thead>\n",
       "  <tbody>\n",
       "    <tr>\n",
       "      <th>0</th>\n",
       "      <td>1</td>\n",
       "      <td>0</td>\n",
       "      <td>4</td>\n",
       "      <td>0</td>\n",
       "      <td>3</td>\n",
       "    </tr>\n",
       "    <tr>\n",
       "      <th>1</th>\n",
       "      <td>2</td>\n",
       "      <td>3</td>\n",
       "      <td>4</td>\n",
       "      <td>3</td>\n",
       "      <td>2</td>\n",
       "    </tr>\n",
       "    <tr>\n",
       "      <th>2</th>\n",
       "      <td>3</td>\n",
       "      <td>3</td>\n",
       "      <td>2</td>\n",
       "      <td>4</td>\n",
       "      <td>2</td>\n",
       "    </tr>\n",
       "    <tr>\n",
       "      <th>3</th>\n",
       "      <td>4</td>\n",
       "      <td>4</td>\n",
       "      <td>3</td>\n",
       "      <td>5</td>\n",
       "      <td>4</td>\n",
       "    </tr>\n",
       "    <tr>\n",
       "      <th>4</th>\n",
       "      <td>5</td>\n",
       "      <td>1</td>\n",
       "      <td>4</td>\n",
       "      <td>2</td>\n",
       "      <td>2</td>\n",
       "    </tr>\n",
       "  </tbody>\n",
       "</table>\n",
       "</div>"
      ],
      "text/plain": [
       "   B1  B2  B3  B4  B5\n",
       "0   1   0   4   0   3\n",
       "1   2   3   4   3   2\n",
       "2   3   3   2   4   2\n",
       "3   4   4   3   5   4\n",
       "4   5   1   4   2   2"
      ]
     },
     "execution_count": 4,
     "metadata": {},
     "output_type": "execute_result"
    }
   ],
   "source": [
    "#Let's take this dataset\n",
    "dat = pd.read_csv('Ratings.csv')\n",
    "# a = [[0,0],[1,2],[2,3],[3,6],[4,8],[5,9]]\n",
    "# b = ['X','Y']\n",
    "# dat = pd.DataFrame(a,columns = b)\n",
    "dat.head()"
   ]
  },
  {
   "cell_type": "markdown",
   "metadata": {},
   "source": [
    "### Step 1 : Create the Covariance Matrix"
   ]
  },
  {
   "cell_type": "code",
   "execution_count": 12,
   "metadata": {},
   "outputs": [
    {
     "data": {
      "text/plain": [
       "array([[ 1.9047619 ,  0.57142857, -0.38095238,  1.28571429,  0.45238095],\n",
       "       [ 0.57142857,  1.9047619 , -0.88095238,  2.28571429,  0.45238095],\n",
       "       [-0.38095238, -0.88095238,  1.47619048, -1.52380952, -0.69047619],\n",
       "       [ 1.28571429,  2.28571429, -1.52380952,  3.14285714,  0.97619048],\n",
       "       [ 0.45238095,  0.45238095, -0.69047619,  0.97619048,  1.47619048]])"
      ]
     },
     "execution_count": 12,
     "metadata": {},
     "output_type": "execute_result"
    }
   ],
   "source": [
    "#Let's create the covariance matrix here.\n",
    "# An intuitive reason as to why we're doing this is to capture the variance of the entire dataset\n",
    "C = np.cov(dat.T)\n",
    "C"
   ]
  },
  {
   "cell_type": "markdown",
   "metadata": {},
   "source": [
    "### Step 2 : Eigendecomposition of the Covariance Matrix"
   ]
  },
  {
   "cell_type": "code",
   "execution_count": 13,
   "metadata": {},
   "outputs": [],
   "source": [
    "eigenvalues, eigenvectors = np.linalg.eig(C)"
   ]
  },
  {
   "cell_type": "code",
   "execution_count": 14,
   "metadata": {},
   "outputs": [
    {
     "data": {
      "text/plain": [
       "array([[-0.31118649, -0.20831306, -0.1452065 ,  0.90672615, -0.12857449],\n",
       "       [-0.48101502, -0.63920934,  0.34290409, -0.31113879, -0.38163517],\n",
       "       [ 0.35622281,  0.24134777,  0.79235694,  0.25507174, -0.34923551],\n",
       "       [-0.69199674,  0.69444104,  0.05662208, -0.09225738, -0.16484744],\n",
       "       [-0.25696953, -0.08671783,  0.47989194,  0.08641369,  0.82986931]])"
      ]
     },
     "execution_count": 14,
     "metadata": {},
     "output_type": "execute_result"
    }
   ],
   "source": [
    "eigenvectors"
   ]
  },
  {
   "cell_type": "code",
   "execution_count": 15,
   "metadata": {},
   "outputs": [
    {
     "data": {
      "text/plain": [
       "array([6.45678426e+00, 1.76661177e-03, 6.37678694e-01, 1.51380758e+00,\n",
       "       1.29472476e+00])"
      ]
     },
     "execution_count": 15,
     "metadata": {},
     "output_type": "execute_result"
    }
   ],
   "source": [
    "eigenvalues"
   ]
  },
  {
   "cell_type": "code",
   "execution_count": 16,
   "metadata": {},
   "outputs": [],
   "source": [
    "#Let's sort them now\n",
    "idx = eigenvalues.argsort()[::-1]   \n",
    "eigenvalues= eigenvalues[idx]\n",
    "eigenvectors = eigenvectors[:,idx]"
   ]
  },
  {
   "cell_type": "code",
   "execution_count": 17,
   "metadata": {},
   "outputs": [
    {
     "data": {
      "text/plain": [
       "array([6.45678426e+00, 1.51380758e+00, 1.29472476e+00, 6.37678694e-01,\n",
       "       1.76661177e-03])"
      ]
     },
     "execution_count": 17,
     "metadata": {},
     "output_type": "execute_result"
    }
   ],
   "source": [
    "#Let's check them again\n",
    "eigenvalues"
   ]
  },
  {
   "cell_type": "code",
   "execution_count": 18,
   "metadata": {},
   "outputs": [
    {
     "data": {
      "text/plain": [
       "array([[-0.31118649,  0.90672615, -0.12857449, -0.1452065 , -0.20831306],\n",
       "       [-0.48101502, -0.31113879, -0.38163517,  0.34290409, -0.63920934],\n",
       "       [ 0.35622281,  0.25507174, -0.34923551,  0.79235694,  0.24134777],\n",
       "       [-0.69199674, -0.09225738, -0.16484744,  0.05662208,  0.69444104],\n",
       "       [-0.25696953,  0.08641369,  0.82986931,  0.47989194, -0.08671783]])"
      ]
     },
     "execution_count": 18,
     "metadata": {},
     "output_type": "execute_result"
    }
   ],
   "source": [
    "eigenvectors"
   ]
  },
  {
   "cell_type": "code",
   "execution_count": 21,
   "metadata": {},
   "outputs": [
    {
     "data": {
      "text/html": [
       "<div>\n",
       "<style scoped>\n",
       "    .dataframe tbody tr th:only-of-type {\n",
       "        vertical-align: middle;\n",
       "    }\n",
       "\n",
       "    .dataframe tbody tr th {\n",
       "        vertical-align: top;\n",
       "    }\n",
       "\n",
       "    .dataframe thead th {\n",
       "        text-align: right;\n",
       "    }\n",
       "</style>\n",
       "<table border=\"1\" class=\"dataframe\">\n",
       "  <thead>\n",
       "    <tr style=\"text-align: right;\">\n",
       "      <th></th>\n",
       "      <th>0</th>\n",
       "      <th>1</th>\n",
       "      <th>2</th>\n",
       "      <th>3</th>\n",
       "      <th>4</th>\n",
       "      <th>5</th>\n",
       "      <th>6</th>\n",
       "    </tr>\n",
       "  </thead>\n",
       "  <tbody>\n",
       "    <tr>\n",
       "      <th>0</th>\n",
       "      <td>0.342796</td>\n",
       "      <td>-3.230456</td>\n",
       "      <td>-4.946085</td>\n",
       "      <td>-6.587999</td>\n",
       "      <td>-2.509989</td>\n",
       "      <td>-3.885753</td>\n",
       "      <td>-7.076400</td>\n",
       "    </tr>\n",
       "    <tr>\n",
       "      <th>1</th>\n",
       "      <td>2.186254</td>\n",
       "      <td>1.796378</td>\n",
       "      <td>2.100703</td>\n",
       "      <td>3.031932</td>\n",
       "      <td>5.231092</td>\n",
       "      <td>4.093797</td>\n",
       "      <td>2.919341</td>\n",
       "    </tr>\n",
       "    <tr>\n",
       "      <th>2</th>\n",
       "      <td>0.964091</td>\n",
       "      <td>-1.633800</td>\n",
       "      <td>-1.228751</td>\n",
       "      <td>-0.593305</td>\n",
       "      <td>-1.091406</td>\n",
       "      <td>0.150425</td>\n",
       "      <td>1.316670</td>\n",
       "    </tr>\n",
       "    <tr>\n",
       "      <th>3</th>\n",
       "      <td>4.463897</td>\n",
       "      <td>5.037377</td>\n",
       "      <td>3.364079</td>\n",
       "      <td>5.370539</td>\n",
       "      <td>3.859327</td>\n",
       "      <td>5.363844</td>\n",
       "      <td>3.922813</td>\n",
       "    </tr>\n",
       "    <tr>\n",
       "      <th>4</th>\n",
       "      <td>0.496925</td>\n",
       "      <td>0.541024</td>\n",
       "      <td>0.544457</td>\n",
       "      <td>0.459288</td>\n",
       "      <td>0.500063</td>\n",
       "      <td>0.590172</td>\n",
       "      <td>0.529084</td>\n",
       "    </tr>\n",
       "  </tbody>\n",
       "</table>\n",
       "</div>"
      ],
      "text/plain": [
       "          0         1         2         3         4         5         6\n",
       "0  0.342796 -3.230456 -4.946085 -6.587999 -2.509989 -3.885753 -7.076400\n",
       "1  2.186254  1.796378  2.100703  3.031932  5.231092  4.093797  2.919341\n",
       "2  0.964091 -1.633800 -1.228751 -0.593305 -1.091406  0.150425  1.316670\n",
       "3  4.463897  5.037377  3.364079  5.370539  3.859327  5.363844  3.922813\n",
       "4  0.496925  0.541024  0.544457  0.459288  0.500063  0.590172  0.529084"
      ]
     },
     "execution_count": 21,
     "metadata": {},
     "output_type": "execute_result"
    }
   ],
   "source": [
    "Cnewt = np.linalg.inv(eigenvectors) @ dat.T\n",
    "Cnewt\n",
    "# cols  = ['X','Y']\n",
    "# Cnewt = pd.DataFrame(Cnew.T, columns= cols)\n",
    "# Cnewt"
   ]
  },
  {
   "cell_type": "code",
   "execution_count": 22,
   "metadata": {},
   "outputs": [
    {
     "data": {
      "text/plain": [
       "0     3.371451\n",
       "1    11.733289\n",
       "2    12.094757\n",
       "3    23.453994\n",
       "4    12.334279\n",
       "5    15.273211\n",
       "6    21.739019\n",
       "dtype: float64"
      ]
     },
     "execution_count": 22,
     "metadata": {},
     "output_type": "execute_result"
    }
   ],
   "source": [
    "100*np.var(Cnewt)/sum(np.var(Cnewt))"
   ]
  },
  {
   "cell_type": "markdown",
   "metadata": {},
   "source": [
    "### Let's check it using pca function that we used earlier"
   ]
  },
  {
   "cell_type": "code",
   "execution_count": 23,
   "metadata": {},
   "outputs": [],
   "source": [
    "from sklearn.decomposition import PCA\n",
    "pca = PCA(svd_solver='randomized', random_state=42)"
   ]
  },
  {
   "cell_type": "code",
   "execution_count": 24,
   "metadata": {},
   "outputs": [
    {
     "data": {
      "text/plain": [
       "PCA(copy=True, iterated_power='auto', n_components=None, random_state=42,\n",
       "    svd_solver='randomized', tol=0.0, whiten=False)"
      ]
     },
     "execution_count": 24,
     "metadata": {},
     "output_type": "execute_result"
    }
   ],
   "source": [
    "pca.fit(dat)"
   ]
  },
  {
   "cell_type": "code",
   "execution_count": 25,
   "metadata": {},
   "outputs": [
    {
     "data": {
      "text/plain": [
       "array([[-0.31118649, -0.48101502,  0.35622281, -0.69199674, -0.25696953],\n",
       "       [ 0.90672615, -0.31113879,  0.25507174, -0.09225738,  0.08641369],\n",
       "       [-0.12857449, -0.38163517, -0.34923551, -0.16484744,  0.82986931],\n",
       "       [ 0.1452065 , -0.34290409, -0.79235694, -0.05662208, -0.47989194],\n",
       "       [-0.20831306, -0.63920934,  0.24134777,  0.69444104, -0.08671783]])"
      ]
     },
     "execution_count": 25,
     "metadata": {},
     "output_type": "execute_result"
    }
   ],
   "source": [
    "#Let's check the components\n",
    "pca.components_"
   ]
  },
  {
   "cell_type": "markdown",
   "metadata": {},
   "source": [
    "As you can see the directions obtained here is nearly the same as obtained through the eigendecomposition."
   ]
  },
  {
   "cell_type": "markdown",
   "metadata": {},
   "source": [
    "Note that the columns in the eigenvector matrix are to be compared with the rows of pca.components_ matrix. Also the directions are reversed for the second axis. This wouldn't make a difference as even though they're antiparallel, they would represent the same 2-D space. For example, X/Y and X/-Y both cover the entire 2-D plane"
   ]
  },
  {
   "cell_type": "code",
   "execution_count": 26,
   "metadata": {},
   "outputs": [
    {
     "data": {
      "text/plain": [
       "array([6.51886873e-01, 1.52836342e-01, 1.30717403e-01, 6.43810220e-02,\n",
       "       1.78359842e-04])"
      ]
     },
     "execution_count": 26,
     "metadata": {},
     "output_type": "execute_result"
    }
   ],
   "source": [
    "#Let's check the variance explained\n",
    "pca.explained_variance_ratio_"
   ]
  },
  {
   "cell_type": "markdown",
   "metadata": {},
   "source": [
    "This is also almost the same"
   ]
  },
  {
   "cell_type": "markdown",
   "metadata": {},
   "source": [
    "#### Thus we've verified the algorithm of PCA."
   ]
  },
  {
   "cell_type": "markdown",
   "metadata": {},
   "source": [
    "## But why?"
   ]
  },
  {
   "cell_type": "markdown",
   "metadata": {},
   "source": [
    "Because Spectral Theorem exists! Because of this theorem eigendecomposition of the covariance matrix will always:\n",
    "1. Yield the eigenvectors which are perpendicular to each other \n",
    "2. Have maximum variances allocated to them in an ordered way depending on the magnitude of the eigenvalues."
   ]
  }
 ],
 "metadata": {
  "kernelspec": {
   "display_name": "Python 3",
   "language": "python",
   "name": "python3"
  },
  "language_info": {
   "codemirror_mode": {
    "name": "ipython",
    "version": 3
   },
   "file_extension": ".py",
   "mimetype": "text/x-python",
   "name": "python",
   "nbconvert_exporter": "python",
   "pygments_lexer": "ipython3",
   "version": "3.7.3"
  },
  "toc": {
   "base_numbering": 1,
   "nav_menu": {},
   "number_sections": true,
   "sideBar": true,
   "skip_h1_title": false,
   "title_cell": "Table of Contents",
   "title_sidebar": "Contents",
   "toc_cell": false,
   "toc_position": {},
   "toc_section_display": true,
   "toc_window_display": false
  }
 },
 "nbformat": 4,
 "nbformat_minor": 2
}
